0.0e0 0.0e0 -1.9444e-1 -1.9444e-1
4.1666e-1 0.0e0 5.728e-2 5.728e-2
8.3332e-1 0.0e0 3.9581999e-1 3.9581999e-1
1.24998001e0 0.0e0 8.2116e-1 8.2116e-1
1.66664001e0 0.0e0 1.3333e0 1.3333e0
2.08330002e0 0.0e0 1.93224e0 1.93224e0
2.49996002e0 0.0e0 2.61786e0 2.61786e0
2.91662003e0 0.0e0 3.39036e0 3.39036e0
3.33328003e0 0.0e0 4.24976e0 4.24976e0
3.74994003e0 0.0e0 5.19596e0 5.19596e0
4.1666e0 0.0e0 6.22896e0 6.22896e0
4.58326e0 0.0e0 7.34866e0 7.34866e0
4.99992e0 0.0e0 8.55516e0 8.55516e0
5.41658e0 0.0e0 9.84866e0 9.84866e0
5.83324e0 0.0e0 1.122886e1 1.122886e1
6.2499e0 0.0e0 1.269586e1 1.269586e1
6.66656e0 0.0e0 1.424946e1 1.424946e1
7.08322e0 0.0e0 1.589006e1 1.589006e1
7.49988e0 0.0e0 1.761756e1 1.761756e1
7.91654e0 0.0e0 1.943166e1 1.943166e1
8.3332e0 0.0e0 2.133256e1 2.133256e1
8.7498601e0 0.0e0 2.332036e1 2.332036e1
9.1665201e0 0.0e0 2.539456e1 2.539456e1
9.5831801e0 0.0e0 2.755556e1 2.755556e1
9.9998401e0 0.0e0 2.9804561e1 2.9804561e1

0.0e0 4.1666e-1 -2.855e-2 -2.855e-2
4.1666e-1 4.1666e-1 2.2317e-1 2.2317e-1
8.3332e-1 4.1666e-1 5.6170999e-1 5.6170999e-1
1.24998001e0 4.1666e-1 9.8705e-1 9.8705e-1
1.66664001e0 4.1666e-1 1.49919e0 1.49919e0
2.08330002e0 4.1666e-1 2.09813e0 2.09813e0
2.49996002e0 4.1666e-1 2.78375e0 2.78375e0
2.91662003e0 4.1666e-1 3.55625e0 3.55625e0
3.33328003e0 4.1666e-1 4.41565e0 4.41565e0
3.74994003e0 4.1666e-1 5.36185e0 5.36185e0
4.1666e0 4.1666e-1 6.39485e0 6.39485e0
4.58326e0 4.1666e-1 7.51455e0 7.51455e0
4.99992e0 4.1666e-1 8.7210501e0 8.7210501e0
5.41658e0 4.1666e-1 1.0014551e1 1.0014551e1
5.83324e0 4.1666e-1 1.1394751e1 1.1394751e1
6.2499e0 4.1666e-1 1.2861751e1 1.2861751e1
6.66656e0 4.1666e-1 1.441535e1 1.441535e1
7.08322e0 4.1666e-1 1.6055951e1 1.6055951e1
7.49988e0 4.1666e-1 1.778345e1 1.778345e1
7.91654e0 4.1666e-1 1.9597551e1 1.9597551e1
8.3332e0 4.1666e-1 2.1498451e1 2.1498451e1
8.7498601e0 4.1666e-1 2.348625e1 2.348625e1
9.1665201e0 4.1666e-1 2.556045e1 2.556045e1
9.5831801e0 4.1666e-1 2.7721451e1 2.7721451e1
9.9998401e0 4.1666e-1 2.9970451e1 2.9970451e1

0.0e0 8.3332e-1 9.877e-2 9.877e-2
4.1666e-1 8.3332e-1 3.5049e-1 3.5049e-1
8.3332e-1 8.3332e-1 6.8903e-1 6.8903e-1
1.24998001e0 8.3332e-1 1.1143701e0 1.1143701e0
1.66664001e0 8.3332e-1 1.6265102e0 1.6265102e0
2.08330002e0 8.3332e-1 2.2254501e0 2.2254501e0
2.49996002e0 8.3332e-1 2.9110701e0 2.9110701e0
2.91662003e0 8.3332e-1 3.6835701e0 3.6835701e0
3.33328003e0 8.3332e-1 4.5429701e0 4.5429701e0
3.74994003e0 8.3332e-1 5.48917e0 5.48917e0
4.1666e0 8.3332e-1 6.5221701e0 6.5221701e0
4.58326e0 8.3332e-1 7.6418701e0 7.6418701e0
4.99992e0 8.3332e-1 8.8483702e0 8.8483702e0
5.41658e0 8.3332e-1 1.014187e1 1.014187e1
5.83324e0 8.3332e-1 1.152207e1 1.152207e1
6.2499e0 8.3332e-1 1.298907e1 1.298907e1
6.66656e0 8.3332e-1 1.454267e1 1.454267e1
7.08322e0 8.3332e-1 1.618327e1 1.618327e1
7.49988e0 8.3332e-1 1.791077e1 1.791077e1
7.91654e0 8.3332e-1 1.972487e1 1.972487e1
8.3332e0 8.3332e-1 2.162577e1 2.162577e1
8.7498601e0 8.3332e-1 2.361357e1 2.361357e1
9.1665201e0 8.3332e-1 2.568777e1 2.568777e1
9.5831801e0 8.3332e-1 2.784877e1 2.784877e1
9.9998401e0 8.3332e-1 3.009777e1 3.009777e1

0.0e0 1.24998001e0 1.8749701e-1 1.8749701e-1
4.1666e-1 1.24998001e0 4.3921701e-1 4.3921701e-1
8.3332e-1 1.24998001e0 7.77757e-1 7.77757e-1
1.24998001e0 1.24998001e0 1.2030971e0 1.2030971e0
1.66664001e0 1.24998001e0 1.7152371e0 1.7152371e0
2.08330002e0 1.24998001e0 2.3141771e0 2.3141771e0
2.49996002e0 1.24998001e0 2.999797e0 2.999797e0
2.91662003e0 1.24998001e0 3.772297e0 3.772297e0
3.33328003e0 1.24998001e0 4.6316971e0 4.6316971e0
3.74994003e0 1.24998001e0 5.577897e0 5.577897e0
4.1666e0 1.24998001e0 6.610897e0 6.610897e0
4.58326e0 1.24998001e0 7.7305971e0 7.7305971e0
4.99992e0 1.24998001e0 8.9370972e0 8.9370972e0
5.41658e0 1.24998001e0 1.0230598e1 1.0230598e1
5.83324e0 1.24998001e0 1.1610799e1 1.1610799e1
6.2499e0 1.24998001e0 1.3077798e1 1.3077798e1
6.66656e0 1.24998001e0 1.4631398e1 1.4631398e1
7.08322e0 1.24998001e0 1.6271999e1 1.6271999e1
7.49988e0 1.24998001e0 1.7999498e1 1.7999498e1
7.91654e0 1.24998001e0 1.9813599e1 1.9813599e1
8.3332e0 1.24998001e0 2.1714499e1 2.1714499e1
8.7498601e0 1.24998001e0 2.3702298e1 2.3702298e1
9.1665201e0 1.24998001e0 2.5776498e1 2.5776498e1
9.5831801e0 1.24998001e0 2.7937498e1 2.7937498e1
9.9998401e0 1.24998001e0 3.0186499e1 3.0186499e1

0.0e0 1.66664001e0 2.37653e-1 2.37653e-1
4.1666e-1 1.66664001e0 4.89373e-1 4.89373e-1
8.3332e-1 1.66664001e0 8.27913e-1 8.27913e-1
1.24998001e0 1.66664001e0 1.253253e0 1.253253e0
1.66664001e0 1.66664001e0 1.765393e0 1.765393e0
2.08330002e0 1.66664001e0 2.364333e0 2.364333e0
2.49996002e0 1.66664001e0 3.049953e0 3.049953e0
2.91662003e0 1.66664001e0 3.822453e0 3.822453e0
3.33328003e0 1.66664001e0 4.681853e0 4.681853e0
3.74994003e0 1.66664001e0 5.628053e0 5.628053e0
4.1666e0 1.66664001e0 6.661053e0 6.661053e0
4.58326e0 1.66664001e0 7.780753e0 7.780753e0
4.99992e0 1.66664001e0 8.9872531e0 8.9872531e0
5.41658e0 1.66664001e0 1.0280754e1 1.0280754e1
5.83324e0 1.66664001e0 1.1660954e1 1.1660954e1
6.2499e0 1.66664001e0 1.3127954e1 1.3127954e1
6.66656e0 1.66664001e0 1.4681554e1 1.4681554e1
7.08322e0 1.66664001e0 1.6322154e1 1.6322154e1
7.49988e0 1.66664001e0 1.8049654e1 1.8049654e1
7.91654e0 1.66664001e0 1.9863754e1 1.9863754e1
8.3332e0 1.66664001e0 2.1764655e1 2.1764655e1
8.7498601e0 1.66664001e0 2.3752454e1 2.3752454e1
9.1665201e0 1.66664001e0 2.5826654e1 2.5826654e1
9.5831801e0 1.66664001e0 2.7987654e1 2.7987654e1
9.9998401e0 1.66664001e0 3.0236655e1 3.0236655e1

0.0e0 2.08330002e0 2.4922903e-1 2.4922903e-1
4.1666e-1 2.08330002e0 5.0094904e-1 5.0094904e-1
8.3332e-1 2.08330002e0 8.3948903e-1 8.3948903e-1
1.24998001e0 2.08330002e0 1.2648291e0 1.2648291e0
1.66664001e0 2.08330002e0 1.7769691e0 1.7769691e0
2.08330002e0 2.08330002e0 2.3759091e0 2.3759091e0
2.49996002e0 2.08330002e0 3.0615291e0 3.0615291e0
2.91662003e0 2.08330002e0 3.8340291e0 3.8340291e0
3.33328003e0 2.08330002e0 4.6934291e0 4.6934291e0
3.74994003e0 2.08330002e0 5.639629e0 5.639629e0
4.1666e0 2.08330002e0 6.6726291e0 6.6726291e0
4.58326e0 2.08330002e0 7.7923291e0 7.7923291e0
4.99992e0 2.08330002e0 8.9988292e0 8.9988292e0
5.41658e0 2.08330002e0 1.029233e1 1.029233e1
5.83324e0 2.08330002e0 1.167253e1 1.167253e1
6.2499e0 2.08330002e0 1.313953e1 1.313953e1
6.66656e0 2.08330002e0 1.4693129e1 1.4693129e1
7.08322e0 2.08330002e0 1.633373e1 1.633373e1
7.49988e0 2.08330002e0 1.8061229e1 1.8061229e1
7.91654e0 2.08330002e0 1.987533e1 1.987533e1
8.3332e0 2.08330002e0 2.177623e1 2.177623e1
8.7498601e0 2.08330002e0 2.3764029e1 2.3764029e1
9.1665201e0 2.08330002e0 2.583823e1 2.583823e1
9.5831801e0 2.08330002e0 2.799923e1 2.799923e1
9.9998401e0 2.08330002e0 3.024823e1 3.024823e1

0.0e0 2.49996002e0 2.22227e-1 2.22227e-1
4.1666e-1 2.49996002e0 4.73947e-1 4.73947e-1
8.3332e-1 2.49996002e0 8.12487e-1 8.12487e-1
1.24998001e0 2.49996002e0 1.237827e0 1.237827e0
1.66664001e0 2.49996002e0 1.749967e0 1.749967e0
2.08330002e0 2.49996002e0 2.348907e0 2.348907e0
2.49996002e0 2.49996002e0 3.034527e0 3.034527e0
2.91662003e0 2.49996002e0 3.807027e0 3.807027e0
3.33328003e0 2.49996002e0 4.666427e0 4.666427e0
3.74994003e0 2.49996002e0 5.612627e0 5.612627e0
4.1666e0 2.49996002e0 6.645627e0 6.645627e0
4.58326e0 2.49996002e0 7.765327e0 7.765327e0
4.99992e0 2.49996002e0 8.9718271e0 8.9718271e0
5.41658e0 2.49996002e0 1.0265327e1 1.0265327e1
5.83324e0 2.49996002e0 1.1645528e1 1.1645528e1
6.2499e0 2.49996002e0 1.3112527e1 1.3112527e1
6.66656e0 2.49996002e0 1.4666127e1 1.4666127e1
7.08322e0 2.49996002e0 1.6306728e1 1.6306728e1
7.49988e0 2.49996002e0 1.8034227e1 1.8034227e1
7.91654e0 2.49996002e0 1.9848328e1 1.9848328e1
8.3332e0 2.49996002e0 2.1749228e1 2.1749228e1
8.7498601e0 2.49996002e0 2.3737027e1 2.3737027e1
9.1665201e0 2.49996002e0 2.5811227e1 2.5811227e1
9.5831801e0 2.49996002e0 2.7972227e1 2.7972227e1
9.9998401e0 2.49996002e0 3.0221228e1 3.0221228e1

0.0e0 2.91662003e0 1.56647e-1 1.56647e-1
4.1666e-1 2.91662003e0 4.08367e-1 4.08367e-1
8.3332e-1 2.91662003e0 7.46907e-1 7.46907e-1
1.24998001e0 2.91662003e0 1.172247e0 1.172247e0
1.66664001e0 2.91662003e0 1.684387e0 1.684387e0
2.08330002e0 2.91662003e0 2.283327e0 2.283327e0
2.49996002e0 2.91662003e0 2.968947e0 2.968947e0
2.91662003e0 2.91662003e0 3.741447e0 3.741447e0
3.33328003e0 2.91662003e0 4.600847e0 4.600847e0
3.74994003e0 2.91662003e0 5.547047e0 5.547047e0
4.1666e0 2.91662003e0 6.580047e0 6.580047e0
4.58326e0 2.91662003e0 7.699747e0 7.699747e0
4.99992e0 2.91662003e0 8.9062471e0 8.9062471e0
5.41658e0 2.91662003e0 1.0199748e1 1.0199748e1
5.83324e0 2.91662003e0 1.1579948e1 1.1579948e1
6.2499e0 2.91662003e0 1.3046948e1 1.3046948e1
6.66656e0 2.91662003e0 1.4600548e1 1.4600548e1
7.08322e0 2.91662003e0 1.6241148e1 1.6241148e1
7.49988e0 2.91662003e0 1.7968648e1 1.7968648e1
7.91654e0 2.91662003e0 1.9782748e1 1.9782748e1
8.3332e0 2.91662003e0 2.1683649e1 2.1683649e1
8.7498601e0 2.91662003e0 2.3671448e1 2.3671448e1
9.1665201e0 2.91662003e0 2.5745648e1 2.5745648e1
9.5831801e0 2.91662003e0 2.7906648e1 2.7906648e1
9.9998401e0 2.91662003e0 3.0155649e1 3.0155649e1

0.0e0 3.33328003e0 5.249e-2 5.249e-2
4.1666e-1 3.33328003e0 3.0421e-1 3.0421e-1
8.3332e-1 3.33328003e0 6.4275e-1 6.4275e-1
1.24998001e0 3.33328003e0 1.06809e0 1.06809e0
1.66664001e0 3.33328003e0 1.5802301e0 1.5802301e0
2.08330002e0 3.33328003e0 2.17917e0 2.17917e0
2.49996002e0 3.33328003e0 2.86479e0 2.86479e0
2.91662003e0 3.33328003e0 3.63729e0 3.63729e0
3.33328003e0 3.33328003e0 4.49669e0 4.49669e0
3.74994003e0 3.33328003e0 5.44289e0 5.44289e0
4.1666e0 3.33328003e0 6.47589e0 6.47589e0
4.58326e0 3.33328003e0 7.59559e0 7.59559e0
4.99992e0 3.33328003e0 8.8020901e0 8.8020901e0
5.41658e0 3.33328003e0 1.009559e1 1.009559e1
5.83324e0 3.33328003e0 1.147579e1 1.147579e1
6.2499e0 3.33328003e0 1.294279e1 1.294279e1
6.66656e0 3.33328003e0 1.449639e1 1.449639e1
7.08322e0 3.33328003e0 1.613699e1 1.613699e1
7.49988e0 3.33328003e0 1.786449e1 1.786449e1
7.91654e0 3.33328003e0 1.967859e1 1.967859e1
8.3332e0 3.33328003e0 2.157949e1 2.157949e1
8.7498601e0 3.33328003e0 2.356729e1 2.356729e1
9.1665201e0 3.33328003e0 2.564149e1 2.564149e1
9.5831801e0 3.33328003e0 2.780249e1 2.780249e1
9.9998401e0 3.33328003e0 3.0051491e1 3.0051491e1

0.0e0 3.74994003e0 -9.024e-2 -9.024e-2
4.1666e-1 3.74994003e0 1.6148e-1 1.6148e-1
8.3332e-1 3.74994003e0 5.0001999e-1 5.0001999e-1
1.24998001e0 3.74994003e0 9.253601e-1 9.253601e-1
1.66664001e0 3.74994003e0 1.4375002e0 1.4375002e0
2.08330002e0 3.74994003e0 2.0364401e0 2.0364401e0
2.49996002e0 3.74994003e0 2.7220601e0 2.7220601e0
2.91662003e0 3.74994003e0 3.4945601e0 3.4945601e0
3.33328003e0 3.74994003e0 4.3539601e0 4.3539601e0
3.74994003e0 3.74994003e0 5.30016e0 5.30016e0
4.1666e0 3.74994003e0 6.3331601e0 6.3331601e0
4.58326e0 3.74994003e0 7.4528601e0 7.4528601e0
4.99992e0 3.74994003e0 8.6593602e0 8.6593602e0
5.41658e0 3.74994003e0 9.952861e0 9.952861e0
5.83324e0 3.74994003e0 1.1333061e1 1.1333061e1
6.2499e0 3.74994003e0 1.2800061e1 1.2800061e1
6.66656e0 3.74994003e0 1.435366e1 1.435366e1
7.08322e0 3.74994003e0 1.5994261e1 1.5994261e1
7.49988e0 3.74994003e0 1.772176e1 1.772176e1
7.91654e0 3.74994003e0 1.9535861e1 1.9535861e1
8.3332e0 3.74994003e0 2.1436761e1 2.1436761e1
8.7498601e0 3.74994003e0 2.342456e1 2.342456e1
9.1665201e0 3.74994003e0 2.5498761e1 2.5498761e1
9.5831801e0 3.74994003e0 2.7659761e1 2.7659761e1
9.9998401e0 3.74994003e0 2.9908762e1 2.9908762e1

0.0e0 4.1666e0 -2.7156e-1 -2.7156e-1
4.1666e-1 4.1666e0 -1.984e-2 -1.984e-2
8.3332e-1 4.1666e0 3.187e-1 3.187e-1
1.24998001e0 4.1666e0 7.4404e-1 7.4404e-1
1.66664001e0 4.1666e0 1.2561801e0 1.2561801e0
2.08330002e0 4.1666e0 1.8551201e0 1.8551201e0
2.49996002e0 4.1666e0 2.54074e0 2.54074e0
2.91662003e0 4.1666e0 3.31324e0 3.31324e0
3.33328003e0 4.1666e0 4.17264e0 4.17264e0
3.74994003e0 4.1666e0 5.11884e0 5.11884e0
4.1666e0 4.1666e0 6.15184e0 6.15184e0
4.58326e0 4.1666e0 7.27154e0 7.27154e0
4.99992e0 4.1666e0 8.4780402e0 8.4780402e0
5.41658e0 4.1666e0 9.771541e0 9.771541e0
5.83324e0 4.1666e0 1.1151741e1 1.1151741e1
6.2499e0 4.1666e0 1.2618741e1 1.2618741e1
6.66656e0 4.1666e0 1.417234e1 1.417234e1
7.08322e0 4.1666e0 1.5812941e1 1.5812941e1
7.49988e0 4.1666e0 1.754044e1 1.754044e1
7.91654e0 4.1666e0 1.9354541e1 1.9354541e1
8.3332e0 4.1666e0 2.1255441e1 2.1255441e1
8.7498601e0 4.1666e0 2.324324e1 2.324324e1
9.1665201e0 4.1666e0 2.5317441e1 2.5317441e1
9.5831801e0 4.1666e0 2.7478441e1 2.7478441e1
9.9998401e0 4.1666e0 2.9727441e1 2.9727441e1

0.0e0 4.58326e0 -4.9146e-1 -4.9146e-1
4.1666e-1 4.58326e0 -2.3974e-1 -2.3974e-1
8.3332e-1 4.58326e0 9.879999e-2 9.879999e-2
1.24998001e0 4.58326e0 5.2414e-1 5.2414e-1
1.66664001e0 4.58326e0 1.03628e0 1.03628e0
2.08330002e0 4.58326e0 1.63522e0 1.63522e0
2.49996002e0 4.58326e0 2.32084e0 2.32084e0
2.91662003e0 4.58326e0 3.09334e0 3.09334e0
3.33328003e0 4.58326e0 3.95274e0 3.95274e0
3.74994003e0 4.58326e0 4.89894e0 4.89894e0
4.1666e0 4.58326e0 5.93194e0 5.93194e0
4.58326e0 4.58326e0 7.05164e0 7.05164e0
4.99992e0 4.58326e0 8.2581401e0 8.2581401e0
5.41658e0 4.58326e0 9.55164e0 9.55164e0
5.83324e0 4.58326e0 1.093184e1 1.093184e1
6.2499e0 4.58326e0 1.239884e1 1.239884e1
6.66656e0 4.58326e0 1.395244e1 1.395244e1
7.08322e0 4.58326e0 1.559304e1 1.559304e1
7.49988e0 4.58326e0 1.732054e1 1.732054e1
7.91654e0 4.58326e0 1.913464e1 1.913464e1
8.3332e0 4.58326e0 2.1035541e1 2.1035541e1
8.7498601e0 4.58326e0 2.302334e1 2.302334e1
9.1665201e0 4.58326e0 2.509754e1 2.509754e1
9.5831801e0 4.58326e0 2.725854e1 2.725854e1
9.9998401e0 4.58326e0 2.9507541e1 2.9507541e1

0.0e0 4.99992e0 -7.4994e-1 -7.4994e-1
4.1666e-1 4.99992e0 -4.9822e-1 -4.9822e-1
8.3332e-1 4.99992e0 -1.5968001e-1 -1.5968001e-1
1.24998001e0 4.99992e0 2.656601e-1 2.656601e-1
1.66664001e0 4.99992e0 7.778001e-1 7.778001e-1
2.08330002e0 4.99992e0 1.3767401e0 1.3767401e0
2.49996002e0 4.99992e0 2.0623601e0 2.0623601e0
2.91662003e0 4.99992e0 2.8348601e0 2.8348601e0
3.33328003e0 4.99992e0 3.6942601e0 3.6942601e0
3.74994003e0 4.99992e0 4.64046e0 4.64046e0
4.1666e0 4.99992e0 5.6734601e0 5.6734601e0
4.58326e0 4.99992e0 6.7931601e0 6.7931601e0
4.99992e0 4.99992e0 7.9996602e0 7.9996602e0
5.41658e0 4.99992e0 9.293161e0 9.293161e0
5.83324e0 4.99992e0 1.0673361e1 1.0673361e1
6.2499e0 4.99992e0 1.2140361e1 1.2140361e1
6.66656e0 4.99992e0 1.369396e1 1.369396e1
7.08322e0 4.99992e0 1.5334561e1 1.5334561e1
7.49988e0 4.99992e0 1.706206e1 1.706206e1
7.91654e0 4.99992e0 1.8876161e1 1.8876161e1
8.3332e0 4.99992e0 2.0777061e1 2.0777061e1
8.7498601e0 4.99992e0 2.276486e1 2.276486e1
9.1665201e0 4.99992e0 2.4839061e1 2.4839061e1
9.5831801e0 4.99992e0 2.7000061e1 2.7000061e1
9.9998401e0 4.99992e0 2.9249062e1 2.9249062e1

0.0e0 5.41658e0 -1.047e0 -1.047e0
4.1666e-1 5.41658e0 -7.9528e-1 -7.9528e-1
8.3332e-1 5.41658e0 -4.567401e-1 -4.567401e-1
1.24998001e0 5.41658e0 -3.14e-2 -3.14e-2
1.66664001e0 5.41658e0 4.8074e-1 4.8074e-1
2.08330002e0 5.41658e0 1.07968e0 1.07968e0
2.49996002e0 5.41658e0 1.7653e0 1.7653e0
2.91662003e0 5.41658e0 2.5378e0 2.5378e0
3.33328003e0 5.41658e0 3.3972e0 3.3972e0
3.74994003e0 5.41658e0 4.3434e0 4.3434e0
4.1666e0 5.41658e0 5.3764e0 5.3764e0
4.58326e0 5.41658e0 6.4961e0 6.4961e0
4.99992e0 5.41658e0 7.7026001e0 7.7026001e0
5.41658e0 5.41658e0 8.996101e0 8.996101e0
5.83324e0 5.41658e0 1.0376302e1 1.0376302e1
6.2499e0 5.41658e0 1.1843301e1 1.1843301e1
6.66656e0 5.41658e0 1.3396901e1 1.3396901e1
7.08322e0 5.41658e0 1.5037502e1 1.5037502e1
7.49988e0 5.41658e0 1.6765001e1 1.6765001e1
7.91654e0 5.41658e0 1.8579102e1 1.8579102e1
8.3332e0 5.41658e0 2.0480002e1 2.0480002e1
8.7498601e0 5.41658e0 2.2467801e1 2.2467801e1
9.1665201e0 5.41658e0 2.4542001e1 2.4542001e1
9.5831801e0 5.41658e0 2.6703001e1 2.6703001e1
9.9998401e0 5.41658e0 2.8952002e1 2.8952002e1

0.0e0 5.83324e0 -1.3825e0 -1.3825e0
4.1666e-1 5.83324e0 -1.13078e0 -1.13078e0
8.3332e-1 5.83324e0 -7.922401e-1 -7.922401e-1
1.24998001e0 5.83324e0 -3.669e-1 -3.669e-1
1.66664001e0 5.83324e0 1.4524e-1 1.4524e-1
2.08330002e0 5.83324e0 7.4418e-1 7.4418e-1
2.49996002e0 5.83324e0 1.4298e0 1.4298e0
2.91662003e0 5.83324e0 2.2023e0 2.2023e0
3.33328003e0 5.83324e0 3.0617e0 3.0617e0
3.74994003e0 5.83324e0 4.0079e0 4.0079e0
4.1666e0 5.83324e0 5.0409e0 5.0409e0
4.58326e0 5.83324e0 6.1606e0 6.1606e0
4.99992e0 5.83324e0 7.3671e0 7.3671e0
5.41658e0 5.83324e0 8.6606e0 8.6606e0
5.83324e0 5.83324e0 1.00408e1 1.00408e1
6.2499e0 5.83324e0 1.15078e1 1.15078e1
6.66656e0 5.83324e0 1.30614e1 1.30614e1
7.08322e0 5.83324e0 1.4702e1 1.4702e1
7.49988e0 5.83324e0 1.64295e1 1.64295e1
7.91654e0 5.83324e0 1.82436e1 1.82436e1
8.3332e0 5.83324e0 2.01445e1 2.01445e1
8.7498601e0 5.83324e0 2.21323e1 2.21323e1
9.1665201e0 5.83324e0 2.42065e1 2.42065e1
9.5831801e0 5.83324e0 2.63675e1 2.63675e1
9.9998401e0 5.83324e0 2.8616501e1 2.8616501e1

0.0e0 6.2499e0 -1.7568e0 -1.7568e0
4.1666e-1 6.2499e0 -1.50508e0 -1.50508e0
8.3332e-1 6.2499e0 -1.16654e0 -1.16654e0
1.24998001e0 6.2499e0 -7.412e-1 -7.412e-1
1.66664001e0 6.2499e0 -2.290599e-1 -2.290599e-1
2.08330002e0 6.2499e0 3.6988e-1 3.6988e-1
2.49996002e0 6.2499e0 1.0555e0 1.0555e0
2.91662003e0 6.2499e0 1.828e0 1.828e0
3.33328003e0 6.2499e0 2.6874e0 2.6874e0
3.74994003e0 6.2499e0 3.6336e0 3.6336e0
4.1666e0 6.2499e0 4.6666e0 4.6666e0
4.58326e0 6.2499e0 5.7863e0 5.7863e0
4.99992e0 6.2499e0 6.9928001e0 6.9928001e0
5.41658e0 6.2499e0 8.2863e0 8.2863e0
5.83324e0 6.2499e0 9.666501e0 9.666501e0
6.2499e0 6.2499e0 1.11335e1 1.11335e1
6.66656e0 6.2499e0 1.26871e1 1.26871e1
7.08322e0 6.2499e0 1.4327701e1 1.4327701e1
7.49988e0 6.2499e0 1.60552e1 1.60552e1
7.91654e0 6.2499e0 1.7869301e1 1.7869301e1
8.3332e0 6.2499e0 1.9770201e1 1.9770201e1
8.7498601e0 6.2499e0 2.1758e1 2.1758e1
9.1665201e0 6.2499e0 2.38322e1 2.38322e1
9.5831801e0 6.2499e0 2.59932e1 2.59932e1
9.9998401e0 6.2499e0 2.8242201e1 2.8242201e1

0.0e0 6.66656e0 -2.1696e0 -2.1696e0
4.1666e-1 6.66656e0 -1.9178801e0 -1.9178801e0
8.3332e-1 6.66656e0 -1.5793402e0 -1.5793402e0
1.24998001e0 6.66656e0 -1.1540001e0 -1.1540001e0
1.66664001e0 6.66656e0 -6.4186e-1 -6.4186e-1
2.08330002e0 6.66656e0 -4.292e-2 -4.292e-2
2.49996002e0 6.66656e0 6.426999e-1 6.426999e-1
2.91662003e0 6.66656e0 1.4151999e0 1.4151999e0
3.33328003e0 6.66656e0 2.2745999e0 2.2745999e0
3.74994003e0 6.66656e0 3.2207999e0 3.2207999e0
4.1666e0 6.66656e0 4.2537999e0 4.2537999e0
4.58326e0 6.66656e0 5.3734999e0 5.3734999e0
4.99992e0 6.66656e0 6.58e0 6.58e0
5.41658e0 6.66656e0 7.8735e0 7.8735e0
5.83324e0 6.66656e0 9.2537e0 9.2537e0
6.2499e0 6.66656e0 1.07207e1 1.07207e1
6.66656e0 6.66656e0 1.22743e1 1.22743e1
7.08322e0 6.66656e0 1.39149e1 1.39149e1
7.49988e0 6.66656e0 1.56424e1 1.56424e1
7.91654e0 6.66656e0 1.74565e1 1.74565e1
8.3332e0 6.66656e0 1.93574e1 1.93574e1
8.7498601e0 6.66656e0 2.13452e1 2.13452e1
9.1665201e0 6.66656e0 2.34194e1 2.34194e1
9.5831801e0 6.66656e0 2.55804e1 2.55804e1
9.9998401e0 6.66656e0 2.78294e1 2.78294e1

0.0e0 7.08322e0 -2.621e0 -2.621e0
4.1666e-1 7.08322e0 -2.3692801e0 -2.3692801e0
8.3332e-1 7.08322e0 -2.0307402e0 -2.0307402e0
1.24998001e0 7.08322e0 -1.6054001e0 -1.6054001e0
1.66664001e0 7.08322e0 -1.09326e0 -1.09326e0
2.08330002e0 7.08322e0 -4.9432e-1 -4.9432e-1
2.49996002e0 7.08322e0 1.912999e-1 1.912999e-1
2.91662003e0 7.08322e0 9.637999e-1 9.637999e-1
3.33328003e0 7.08322e0 1.8231999e0 1.8231999e0
3.74994003e0 7.08322e0 2.7693999e0 2.7693999e0
4.1666e0 7.08322e0 3.8023999e0 3.8023999e0
4.58326e0 7.08322e0 4.9220999e0 4.9220999e0
4.99992e0 7.08322e0 6.1286e0 6.1286e0
5.41658e0 7.08322e0 7.422101e0 7.422101e0
5.83324e0 7.08322e0 8.802301e0 8.802301e0
6.2499e0 7.08322e0 1.0269301e1 1.0269301e1
6.66656e0 7.08322e0 1.18229e1 1.18229e1
7.08322e0 7.08322e0 1.3463501e1 1.3463501e1
7.49988e0 7.08322e0 1.5191e1 1.5191e1
7.91654e0 7.08322e0 1.7005101e1 1.7005101e1
8.3332e0 7.08322e0 1.8906001e1 1.8906001e1
8.7498601e0 7.08322e0 2.08938e1 2.08938e1
9.1665201e0 7.08322e0 2.2968001e1 2.2968001e1
9.5831801e0 7.08322e0 2.5129001e1 2.5129001e1
9.9998401e0 7.08322e0 2.7378001e1 2.7378001e1

0.0e0 7.49988e0 -3.1109e0 -3.1109e0
4.1666e-1 7.49988e0 -2.85918e0 -2.85918e0
8.3332e-1 7.49988e0 -2.5206401e0 -2.5206401e0
1.24998001e0 7.49988e0 -2.0953e0 -2.0953e0
1.66664001e0 7.49988e0 -1.58316e0 -1.58316e0
2.08330002e0 7.49988e0 -9.8422e-1 -9.8422e-1
2.49996002e0 7.49988e0 -2.986e-1 -2.986e-1
2.91662003e0 7.49988e0 4.739e-1 4.739e-1
3.33328003e0 7.49988e0 1.3333e0 1.3333e0
3.74994003e0 7.49988e0 2.2795e0 2.2795e0
4.1666e0 7.49988e0 3.3125e0 3.3125e0
4.58326e0 7.49988e0 4.4322e0 4.4322e0
4.99992e0 7.49988e0 5.6387001e0 5.6387001e0
5.41658e0 7.49988e0 6.9322e0 6.9322e0
5.83324e0 7.49988e0 8.312401e0 8.312401e0
6.2499e0 7.49988e0 9.7794e0 9.7794e0
6.66656e0 7.49988e0 1.1333e1 1.1333e1
7.08322e0 7.49988e0 1.2973601e1 1.2973601e1
7.49988e0 7.49988e0 1.47011e1 1.47011e1
7.91654e0 7.49988e0 1.6515201e1 1.6515201e1
8.3332e0 7.49988e0 1.8416101e1 1.8416101e1
8.7498601e0 7.49988e0 2.04039e1 2.04039e1
9.1665201e0 7.49988e0 2.24781e1 2.24781e1
9.5831801e0 7.49988e0 2.46391e1 2.46391e1
9.9998401e0 7.49988e0 2.6888101e1 2.6888101e1

0.0e0 7.91654e0 -3.6395e0 -3.6395e0
4.1666e-1 7.91654e0 -3.38778e0 -3.38778e0
8.3332e-1 7.91654e0 -3.0492401e0 -3.0492401e0
1.24998001e0 7.91654e0 -2.6239e0 -2.6239e0
1.66664001e0 7.91654e0 -2.11176e0 -2.11176e0
2.08330002e0 7.91654e0 -1.51282e0 -1.51282e0
2.49996002e0 7.91654e0 -8.272e-1 -8.272e-1
2.91662003e0 7.91654e0 -5.47e-2 -5.47e-2
3.33328003e0 7.91654e0 8.047e-1 8.047e-1
3.74994003e0 7.91654e0 1.7509e0 1.7509e0
4.1666e0 7.91654e0 2.7839e0 2.7839e0
4.58326e0 7.91654e0 3.9036e0 3.9036e0
4.99992e0 7.91654e0 5.1101001e0 5.1101001e0
5.41658e0 7.91654e0 6.403601e0 6.403601e0
5.83324e0 7.91654e0 7.783801e0 7.783801e0
6.2499e0 7.91654e0 9.250801e0 9.250801e0
6.66656e0 7.91654e0 1.08044e1 1.08044e1
7.08322e0 7.91654e0 1.2445001e1 1.2445001e1
7.49988e0 7.91654e0 1.41725e1 1.41725e1
7.91654e0 7.91654e0 1.5986601e1 1.5986601e1
8.3332e0 7.91654e0 1.7887502e1 1.7887502e1
8.7498601e0 7.91654e0 1.98753e1 1.98753e1
9.1665201e0 7.91654e0 2.1949501e1 2.1949501e1
9.5831801e0 7.91654e0 2.4110501e1 2.4110501e1
9.9998401e0 7.91654e0 2.6359502e1 2.6359502e1

0.0e0 8.3332e0 -4.2065e0 -4.2065e0
4.1666e-1 8.3332e0 -3.95478e0 -3.95478e0
8.3332e-1 8.3332e0 -3.6162401e0 -3.6162401e0
1.24998001e0 8.3332e0 -3.1909e0 -3.1909e0
1.66664001e0 8.3332e0 -2.6787599e0 -2.6787599e0
2.08330002e0 8.3332e0 -2.07982e0 -2.07982e0
2.49996002e0 8.3332e0 -1.3942e0 -1.3942e0
2.91662003e0 8.3332e0 -6.217e-1 -6.217e-1
3.33328003e0 8.3332e0 2.377e-1 2.377e-1
3.74994003e0 8.3332e0 1.1839e0 1.1839e0
4.1666e0 8.3332e0 2.2169e0 2.2169e0
4.58326e0 8.3332e0 3.3366e0 3.3366e0
4.99992e0 8.3332e0 4.5431001e0 4.5431001e0
5.41658e0 8.3332e0 5.836601e0 5.836601e0
5.83324e0 8.3332e0 7.216801e0 7.216801e0
6.2499e0 8.3332e0 8.683801e0 8.683801e0
6.66656e0 8.3332e0 1.0237401e1 1.0237401e1
7.08322e0 8.3332e0 1.1878001e1 1.1878001e1
7.49988e0 8.3332e0 1.3605501e1 1.3605501e1
7.91654e0 8.3332e0 1.5419601e1 1.5419601e1
8.3332e0 8.3332e0 1.7320502e1 1.7320502e1
8.7498601e0 8.3332e0 1.9308301e1 1.9308301e1
9.1665201e0 8.3332e0 2.1382501e1 2.1382501e1
9.5831801e0 8.3332e0 2.3543501e1 2.3543501e1
9.9998401e0 8.3332e0 2.5792502e1 2.5792502e1

0.0e0 8.7498601e0 -4.8123e0 -4.8123e0
4.1666e-1 8.7498601e0 -4.56058e0 -4.56058e0
8.3332e-1 8.7498601e0 -4.2220401e0 -4.2220401e0
1.24998001e0 8.7498601e0 -3.7967e0 -3.7967e0
1.66664001e0 8.7498601e0 -3.28456e0 -3.28456e0
2.08330002e0 8.7498601e0 -2.68562e0 -2.68562e0
2.49996002e0 8.7498601e0 -2.0e0 -2.0e0
2.91662003e0 8.7498601e0 -1.2275e0 -1.2275e0
3.33328003e0 8.7498601e0 -3.681e-1 -3.681e-1
3.74994003e0 8.7498601e0 5.781e-1 5.781e-1
4.1666e0 8.7498601e0 1.6111e0 1.6111e0
4.58326e0 8.7498601e0 2.7308e0 2.7308e0
4.99992e0 8.7498601e0 3.9373001e0 3.9373001e0
5.41658e0 8.7498601e0 5.230801e0 5.230801e0
5.83324e0 8.7498601e0 6.611002e0 6.611002e0
6.2499e0 8.7498601e0 8.078001e0 8.078001e0
6.66656e0 8.7498601e0 9.631601e0 9.631601e0
7.08322e0 8.7498601e0 1.1272202e1 1.1272202e1
7.49988e0 8.7498601e0 1.2999701e1 1.2999701e1
7.91654e0 8.7498601e0 1.4813802e1 1.4813802e1
8.3332e0 8.7498601e0 1.6714702e1 1.6714702e1
8.7498601e0 8.7498601e0 1.8702501e1 1.8702501e1
9.1665201e0 8.7498601e0 2.0776701e1 2.0776701e1
9.5831801e0 8.7498601e0 2.2937701e1 2.2937701e1
9.9998401e0 8.7498601e0 2.5186702e1 2.5186702e1

0.0e0 9.1665201e0 -5.4565e0 -5.4565e0
4.1666e-1 9.1665201e0 -5.20478e0 -5.20478e0
8.3332e-1 9.1665201e0 -4.8662401e0 -4.8662401e0
1.24998001e0 9.1665201e0 -4.4409e0 -4.4409e0
1.66664001e0 9.1665201e0 -3.9287599e0 -3.9287599e0
2.08330002e0 9.1665201e0 -3.32982e0 -3.32982e0
2.49996002e0 9.1665201e0 -2.6442e0 -2.6442e0
2.91662003e0 9.1665201e0 -1.8717e0 -1.8717e0
3.33328003e0 9.1665201e0 -1.0123e0 -1.0123e0
3.74994003e0 9.1665201e0 -6.61e-2 -6.61e-2
4.1666e0 9.1665201e0 9.669e-1 9.669e-1
4.58326e0 9.1665201e0 2.0866e0 2.0866e0
4.99992e0 9.1665201e0 3.2931001e0 3.2931001e0
5.41658e0 9.1665201e0 4.586601e0 4.586601e0
5.83324e0 9.1665201e0 5.966801e0 5.966801e0
6.2499e0 9.1665201e0 7.433801e0 7.433801e0
6.66656e0 9.1665201e0 8.987401e0 8.987401e0
7.08322e0 9.1665201e0 1.0628001e1 1.0628001e1
7.49988e0 9.1665201e0 1.2355501e1 1.2355501e1
7.91654e0 9.1665201e0 1.4169601e1 1.4169601e1
8.3332e0 9.1665201e0 1.6070502e1 1.6070502e1
8.7498601e0 9.1665201e0 1.8058301e1 1.8058301e1
9.1665201e0 9.1665201e0 2.0132501e1 2.0132501e1
9.5831801e0 9.1665201e0 2.2293501e1 2.2293501e1
9.9998401e0 9.1665201e0 2.4542502e1 2.4542502e1

0.0e0 9.5831801e0 -6.1393e0 -6.1393e0
4.1666e-1 9.5831801e0 -5.88758e0 -5.88758e0
8.3332e-1 9.5831801e0 -5.54904e0 -5.54904e0
1.24998001e0 9.5831801e0 -5.1237e0 -5.1237e0
1.66664001e0 9.5831801e0 -4.6115599e0 -4.6115599e0
2.08330002e0 9.5831801e0 -4.01262e0 -4.01262e0
2.49996002e0 9.5831801e0 -3.327e0 -3.327e0
2.91662003e0 9.5831801e0 -2.5545e0 -2.5545e0
3.33328003e0 9.5831801e0 -1.6951e0 -1.6951e0
3.74994003e0 9.5831801e0 -7.489e-1 -7.489e-1
4.1666e0 9.5831801e0 2.841e-1 2.841e-1
4.58326e0 9.5831801e0 1.4038e0 1.4038e0
4.99992e0 9.5831801e0 2.6103001e0 2.6103001e0
5.41658e0 9.5831801e0 3.903801e0 3.903801e0
5.83324e0 9.5831801e0 5.284001e0 5.284001e0
6.2499e0 9.5831801e0 6.751001e0 6.751001e0
6.66656e0 9.5831801e0 8.3046e0 8.3046e0
7.08322e0 9.5831801e0 9.945201e0 9.945201e0
7.49988e0 9.5831801e0 1.16727e1 1.16727e1
7.91654e0 9.5831801e0 1.3486801e1 1.3486801e1
8.3332e0 9.5831801e0 1.5387701e1 1.5387701e1
8.7498601e0 9.5831801e0 1.73755e1 1.73755e1
9.1665201e0 9.5831801e0 1.9449701e1 1.9449701e1
9.5831801e0 9.5831801e0 2.1610701e1 2.1610701e1
9.9998401e0 9.5831801e0 2.3859702e1 2.3859702e1

0.0e0 9.9998401e0 -6.8607e0 -6.8607e0
4.1666e-1 9.9998401e0 -6.6089801e0 -6.6089801e0
8.3332e-1 9.9998401e0 -6.2704402e0 -6.2704402e0
1.24998001e0 9.9998401e0 -5.8451001e0 -5.8451001e0
1.66664001e0 9.9998401e0 -5.33296e0 -5.33296e0
2.08330002e0 9.9998401e0 -4.7340201e0 -4.7340201e0
2.49996002e0 9.9998401e0 -4.0484001e0 -4.0484001e0
2.91662003e0 9.9998401e0 -3.2759001e0 -3.2759001e0
3.33328003e0 9.9998401e0 -2.4165001e0 -2.4165001e0
3.74994003e0 9.9998401e0 -1.4703001e0 -1.4703001e0
4.1666e0 9.9998401e0 -4.373001e-1 -4.373001e-1
4.58326e0 9.9998401e0 6.823999e-1 6.823999e-1
4.99992e0 9.9998401e0 1.8889e0 1.8889e0
5.41658e0 9.9998401e0 3.1824e0 3.1824e0
5.83324e0 9.9998401e0 4.5626e0 4.5626e0
6.2499e0 9.9998401e0 6.0296e0 6.0296e0
6.66656e0 9.9998401e0 7.5832e0 7.5832e0
7.08322e0 9.9998401e0 9.2238e0 9.2238e0
7.49988e0 9.9998401e0 1.09513e1 1.09513e1
7.91654e0 9.9998401e0 1.27654e1 1.27654e1
8.3332e0 9.9998401e0 1.4666301e1 1.4666301e1
8.7498601e0 9.9998401e0 1.66541e1 1.66541e1
9.1665201e0 9.9998401e0 1.87283e1 1.87283e1
9.5831801e0 9.9998401e0 2.08893e1 2.08893e1
9.9998401e0 9.9998401e0 2.3138301e1 2.3138301e1
